HEAD LT-TO-LT-VPN_TIMES
1704491476382 1704491478385
1704491527512 1704491529547
1704491532347 1704491534349
1704491535524 1704491537479
1704492442570 1704492444661
1704492445611 1704492447612
1704492448642 1704492450564
1704492453991 1704492455958
1704492461783 1704492463983
1704492531457 1704492533565
1704492534555 1704492536460
1704492537269 1704492539407
1704492540277 1704492542323
1704492543318 1704492545439
1704492546597 1704492548522
1704492631814 1704492633525
1704492634242 1704492636373
1704492637236 1704492639195
1704492640110 1704492642104
1704492642960 1704492645106
1704492646141 1704492648226
1704492649360 1704492651173
HEAD LT-TO-LT_TIMES
1704496102953 1704496103367
1704496104503 1704496104893
1704496105744 1704496106153
1704496106843 1704496107252
1704496107959 1704496108345
1704496109158 1704496109519
1704496110265 1704496110665
1704496111454 1704496111811
1704496112477 1704496112868
1704496113707 1704496114105
1704496114974 1704496115377
1704496116094 1704496116471
1704496255803 1704496256226
1704496256835 1704496257227
1704496257941 1704496258368
1704496258920 1704496259330
1704496260027 1704496260439
1704496261046 1704496261432
1704496262137 1704496262573
1704496263217 1704496263630
1704496264370 1704496264787
1704496267026 1704496267438
HEAD LT-TO-NL_TIMES
1704493084165 1704493085498
1704493119890 1704493121145
1704493122763 1704493123937
1704493125250 1704493126638
1704493128199 1704493129461
1704493130924 1704493132240
1704493133376 1704493134658
1704493135951 1704493137167
1704493138293 1704493139607
1704493141258 1704493142459
1704493260753 1704493262024
1704493263377 1704493264595
1704493265859 1704493267035
1704493268907 1704493270073
1704493271241 1704493272352
1704493273593 1704493274857
1704493275848 1704493277120
1704493278390 1704493279582
1704493420420 1704493421644
1704493422840 1704493424068
1704493425158 1704493426295
